<?xml version="1.0"?>
<opencv_storage>
<CornersAmount>48</CornersAmount>
<Corner_0>
  315 305</Corner_0>
<Corner_1>
  324 310</Corner_1>
<Corner_2>
  333 315</Corner_2>
<Corner_3>
  343 320</Corner_3>
<Corner_4>
  352 324</Corner_4>
<Corner_5>
  363 331</Corner_5>
<Corner_6>
  373 336</Corner_6>
<Corner_7>
  384 341</Corner_7>
<Corner_8>
  304 309</Corner_8>
<Corner_9>
  314 314</Corner_9>
<Corner_10>
  322 319</Corner_10>
<Corner_11>
  332 325</Corner_11>
<Corner_12>
  342 330</Corner_12>
<Corner_13>
  352 335</Corner_13>
<Corner_14>
  362 340</Corner_14>
<Corner_15>
  373 347</Corner_15>
<Corner_16>
  294 314</Corner_16>
<Corner_17>
  304 319</Corner_17>
<Corner_18>
  313 325</Corner_18>
<Corner_19>
  322 329</Corner_19>
<Corner_20>
  330 334</Corner_20>
<Corner_21>
  342 340</Corner_21>
<Corner_22>
  351 346</Corner_22>
<Corner_23>
  362 353</Corner_23>
<Corner_24>
  284 319</Corner_24>
<Corner_25>
  292 324</Corner_25>
<Corner_26>
  301 329</Corner_26>
<Corner_27>
  310 334</Corner_27>
<Corner_28>
  320 341</Corner_28>
<Corner_29>
  328 346</Corner_29>
<Corner_30>
  340 353</Corner_30>
<Corner_31>
  351 358</Corner_31>
<Corner_32>
  271 323</Corner_32>
<Corner_33>
  281 328</Corner_33>
<Corner_34>
  290 334</Corner_34>
<Corner_35>
  298 340</Corner_35>
<Corner_36>
  309 346</Corner_36>
<Corner_37>
  319 352</Corner_37>
<Corner_38>
  329 357</Corner_38>
<Corner_39>
  339 364</Corner_39>
<Corner_40>
  261 327</Corner_40>
<Corner_41>
  268 333</Corner_41>
<Corner_42>
  278 339</Corner_42>
<Corner_43>
  286 345</Corner_43>
<Corner_44>
  295 351</Corner_44>
<Corner_45>
  306 357</Corner_45>
<Corner_46>
  316 364</Corner_46>
<Corner_47>
  327 372</Corner_47>
</opencv_storage>
