<?xml version="1.0"?>
<opencv_storage>
<CameraMatrix type_id="opencv-matrix">
  <rows>3</rows>
  <cols>3</cols>
  <dt>f</dt>
  <data>
    4.91148315e+02 0. 3.33259399e+02 0. 4.93340485e+02 2.26780029e+02 0.
    0. 1.</data></CameraMatrix>
<DistortionCoeffs type_id="opencv-matrix">
  <rows>1</rows>
  <cols>5</cols>
  <dt>f</dt>
  <data>
    -3.62855732e-01 1.79134965e-01 -2.05585791e-04 2.27900498e-04
    -5.02239838e-02</data></DistortionCoeffs>
<RotationValues type_id="opencv-matrix">
  <rows>3</rows>
  <cols>1</cols>
  <dt>f</dt>
  <data>
    8.18998218e-01 2.11026883e+00 -1.52234280e+00</data></RotationValues>
<TranslationValues type_id="opencv-matrix">
  <rows>3</rows>
  <cols>1</cols>
  <dt>f</dt>
  <data>
    -1.55158066e+02 6.77380371e+02 4.20922607e+03</data></TranslationValues>
</opencv_storage>
