<?xml version="1.0"?>
<opencv_storage>
<CameraMatrix type_id="opencv-matrix">
  <rows>3</rows>
  <cols>3</cols>
  <dt>d</dt>
  <data>
    4.9114832116875448e+02 0. 3.3325938418238468e+02 0.
    4.9334049828687824e+02 2.2678003518647947e+02 0. 0. 1.</data></CameraMatrix>
<DistortionCoeffs type_id="opencv-matrix">
  <rows>1</rows>
  <cols>5</cols>
  <dt>d</dt>
  <data>
    -3.6285572236625036e-01 1.7913496200433615e-01
    -2.0558579502250680e-04 2.2790049937849595e-04
    -5.0223985085896400e-02</data></DistortionCoeffs>
</opencv_storage>
