<?xml version="1.0"?>
<opencv_storage>
<calibration_time>"Sun Feb 13 22:32:28 2022"</calibration_time>
<nr_of_frames>15</nr_of_frames>
<image_width>1272</image_width>
<image_height>712</image_height>
<board_width>9</board_width>
<board_height>6</board_height>
<square_size>50.</square_size>
<fix_aspect_ratio>1.</fix_aspect_ratio>
<!-- flags: +fix_aspectRatio +fix_principal_point +zero_tangent_dist +fix_k4 +fix_k5 -->
<flags>6158</flags>
<fisheye_model>0</fisheye_model>
<camera_matrix type_id="opencv-matrix">
  <rows>3</rows>
  <cols>3</cols>
  <dt>d</dt>
  <data>
    8.1322445110825947e+02 0. 6.3550000000000000e+02 0.
    8.1322445110825947e+02 3.5550000000000000e+02 0. 0. 1.</data></camera_matrix>
<distortion_coefficients type_id="opencv-matrix">
  <rows>5</rows>
  <cols>1</cols>
  <dt>d</dt>
  <data>
    -4.0605345497618350e-01 9.5090595703773961e-01 0. 0.
    -1.0900753227195803e+00</data></distortion_coefficients>
<avg_reprojection_error>3.1637797938465906e+00</avg_reprojection_error>
<per_view_reprojection_errors type_id="opencv-matrix">
  <rows>15</rows>
  <cols>1</cols>
  <dt>f</dt>
  <data>
    1.88329041e+00 1.07245195e+00 1.44598150e+00 1.02064538e+00
    6.05352211e+00 3.04585433e+00 2.32096863e+00 5.76275682e+00
    4.00377989e+00 3.61518312e+00 2.20679832e+00 1.54415357e+00
    3.27567077e+00 2.33570242e+00 2.29231405e+00</data></per_view_reprojection_errors>
<!-- a set of 6-tuples (rotation vector + translation vector) for each view -->
<extrinsic_parameters type_id="opencv-matrix">
  <rows>15</rows>
  <cols>6</cols>
  <dt>d</dt>
  <data>
    -1.3414967181629184e-01 -4.2922546787824055e-02
    8.6723751746696498e-03 -1.6605924018269556e+02
    -1.2645041790934279e+02 5.6610671194205588e+02
    -4.0020888809940709e-02 -2.3811241777357894e-02
    -1.5729514948713779e+00 -1.0659331881145839e+02
    1.8896577589525759e+02 7.4219290245525701e+02
    -3.5103674820431868e-01 -1.6015758053365783e-01
    -6.7952500533592608e-01 -9.9646591321257389e+01
    -2.8052514225758131e+01 8.1733578003648108e+02
    -7.7536781252477314e-03 -1.3783548953717452e-02
    -2.4974018470717771e+00 1.1695107918714241e+02
    2.1269482555308315e+02 8.5932696130790282e+02
    -6.3427018743058672e-01 7.7845348267719217e-01
    1.4984276471943259e+00 1.8529022203539301e+02
    -1.8054566947072431e+02 9.9661678516474490e+02
    -1.1831583959333651e-01 3.8644518978292436e-02
    2.9347470876212882e+00 2.4412248527140764e+02 7.1655025927587886e+01
    5.7826255245732898e+02 8.9919289557234730e-02
    -1.5536958225151898e-01 -2.7448124279472541e+00
    1.8291620461205082e+02 2.1639891048403433e+02 6.0673577630807654e+02
    3.8396243726584423e-01 -4.1925447005464361e-01
    1.5449148261919261e+00 1.6882566326004059e+02
    -7.9609024277565780e+01 5.4023704254313884e+02
    -6.1493168506026361e-02 -2.4848386355184779e-01
    2.7850745889604300e+00 2.4617014381571249e+02 8.0030927143704560e+01
    6.5231199448368443e+02 5.0286100194799614e-02 4.2650757745368900e-01
    -2.5406249694063505e+00 1.5443514735122164e+02
    2.7749752779186917e+02 7.1729449391257936e+02
    -5.1607784199992202e-01 2.9721790349777383e-01
    3.0689541053767369e+00 2.5208096903789914e+02 1.5874275535715427e+02
    1.1293310082170130e+03 -7.9959200249276094e-02
    -7.8752215657973010e-02 1.5801466254589922e+00
    1.6073619154805797e+02 -1.0773833317878841e+02
    1.2193625953818903e+03 -2.7359921725588343e-01
    6.2900585921621743e-01 2.0671486853502175e+00 3.2450637341197574e+02
    -1.0673539895606051e+02 9.7439306185102794e+02
    -2.7323157254667702e-01 3.2389900332497601e-01
    6.7881584574030984e-01 1.1746965678479050e+02
    -2.3529624081591211e+02 9.3793522723253045e+02
    -1.4370124829400013e-01 -3.8716256217238343e-01
    -4.4524424845244726e-01 -4.5867015871168303e+02
    -3.1291310005988354e+01 7.4210328870946398e+02</data></extrinsic_parameters>
<image_points type_id="opencv-matrix">
  <rows>15</rows>
  <cols>54</cols>
  <dt>"2f"</dt>
  <data>
    4.02874634e+02 1.79125793e+02 4.73006683e+02 1.80019653e+02
    5.43047546e+02 1.80320633e+02 6.12521240e+02 1.81627213e+02
    6.81830688e+02 1.83422714e+02 7.50181152e+02 1.85560104e+02
    8.15726563e+02 1.89806458e+02 8.80596008e+02 1.94006943e+02
    9.42626282e+02 1.98149780e+02 3.99010956e+02 2.46268326e+02
    4.69974121e+02 2.47640854e+02 5.41236267e+02 2.48432114e+02
    6.12182922e+02 2.49571350e+02 6.82697327e+02 2.50199570e+02
    7.52164551e+02 2.51613007e+02 8.20345337e+02 2.53584579e+02
    8.85570862e+02 2.56461945e+02 9.49247864e+02 2.59453064e+02
    3.95552063e+02 3.15799438e+02 4.67570587e+02 3.16819183e+02
    5.39625366e+02 3.18128326e+02 6.11636353e+02 3.19017883e+02
    6.83273804e+02 3.20338013e+02 7.53655518e+02 3.20354340e+02
    8.22801453e+02 3.21428223e+02 8.90516479e+02 3.22620087e+02
    9.55866577e+02 3.24083466e+02 3.93698181e+02 3.87796600e+02
    4.65680939e+02 3.88764191e+02 5.38558533e+02 3.89880157e+02
    6.10808899e+02 3.90740173e+02 6.83325073e+02 3.91448730e+02
    7.54507996e+02 3.91941345e+02 8.24515442e+02 3.91447662e+02
    8.92922485e+02 3.91786530e+02 9.60619995e+02 3.92324341e+02
    3.92763916e+02 4.60542603e+02 4.65290131e+02 4.61783813e+02
    5.37409790e+02 4.62618408e+02 6.10480347e+02 4.63461639e+02
    6.82747437e+02 4.63833344e+02 7.54281006e+02 4.63734009e+02
    8.24582764e+02 4.62738556e+02 8.94095581e+02 4.62621582e+02
    9.62486572e+02 4.62592773e+02 3.91736572e+02 5.33372375e+02
    4.64403534e+02 5.34126526e+02 5.37206482e+02 5.34806702e+02
    6.09443542e+02 5.35574768e+02 6.81989624e+02 5.35742065e+02
    7.53332581e+02 5.35549622e+02 8.23557190e+02 5.33691956e+02
    8.92633972e+02 5.32971008e+02 9.59561279e+02 5.31860107e+02
    5.20990540e+02 5.58598328e+02 5.21046387e+02 5.04676117e+02
    5.21128906e+02 4.50902588e+02 5.20966309e+02 3.97264221e+02
    5.21379089e+02 3.43485352e+02 5.20739258e+02 2.90424042e+02
    5.21183716e+02 2.37556107e+02 5.21643738e+02 1.84968369e+02
    5.22522949e+02 1.33694733e+02 5.74834595e+02 5.57533203e+02
    5.74904114e+02 5.03864899e+02 5.74550415e+02 4.50570221e+02
    5.74610229e+02 3.97519043e+02 5.74616699e+02 3.43916412e+02
    5.74773804e+02 2.91133514e+02 5.75182739e+02 2.38487717e+02
    5.75525757e+02 1.86586990e+02 5.75112549e+02 1.35843552e+02
    6.28195374e+02 5.57844788e+02 6.27982361e+02 5.04228821e+02
    6.28237122e+02 4.50816162e+02 6.27921570e+02 3.97395142e+02
    6.27973145e+02 3.43902649e+02 6.27700134e+02 2.90988464e+02
    6.27869568e+02 2.38482712e+02 6.27775452e+02 1.86524063e+02
    6.27790527e+02 1.35754181e+02 6.81813599e+02 5.58129883e+02
    6.81629700e+02 5.04698547e+02 6.81374146e+02 4.51110016e+02
    6.81481812e+02 3.97424805e+02 6.81263245e+02 3.43475403e+02
    6.80846741e+02 2.90310303e+02 6.80595581e+02 2.37531357e+02
    6.80363220e+02 1.85301086e+02 6.80141113e+02 1.34366592e+02
    7.35514954e+02 5.57384277e+02 7.35559326e+02 5.04458801e+02
    7.35587891e+02 4.50739044e+02 7.35551392e+02 3.96897583e+02
    7.35271057e+02 3.42901917e+02 7.34795471e+02 2.89547424e+02
    7.34313721e+02 2.36552872e+02 7.33525879e+02 1.84691757e+02
    7.32391174e+02 1.34426743e+02 7.89340515e+02 5.56708191e+02
    7.89199158e+02 5.03478333e+02 7.89161743e+02 4.50008453e+02
    7.89768982e+02 3.96630096e+02 7.89510559e+02 3.42515442e+02
    7.88527405e+02 2.89199066e+02 7.87356079e+02 2.36929062e+02
    7.85584106e+02 1.86035049e+02 7.83390015e+02 1.37462326e+02
    5.37506592e+02 3.27299011e+02 5.75815674e+02 2.99479828e+02
    6.12874084e+02 2.72755035e+02 6.48293274e+02 2.46494217e+02
    6.83411072e+02 2.21738464e+02 7.17326416e+02 1.97566437e+02
    7.49945801e+02 1.74185287e+02 7.81513306e+02 1.51194626e+02
    8.12214539e+02 1.29160278e+02 5.68718140e+02 3.62785950e+02
    6.06987915e+02 3.34344879e+02 6.44342529e+02 3.06615601e+02
    6.80402283e+02 2.80145813e+02 7.15285400e+02 2.53943466e+02
    7.48920166e+02 2.28677414e+02 7.80584106e+02 2.05761398e+02
