<?xml version="1.0"?>
<opencv_storage>
<cameraMatrix type_id="opencv-matrix">
  <rows>3</rows>
  <cols>3</cols>
  <dt>d</dt>
  <data>
    1.3260287116542675e+03 0. 3.8715044336686378e+02 0.
    1.2924523851717802e+03 5.7426360141230180e+02 0. 0. 1.</data></cameraMatrix>
<distCoeffs type_id="opencv-matrix">
  <rows>1</rows>
  <cols>5</cols>
  <dt>d</dt>
  <data>
    -1.5803539600258015e-01 -1.2236607410846425e+00
    -3.7069638036319998e-02 -1.8048913800047549e-02
    2.6893799479808260e+00</data></distCoeffs>
<Rotation_vector type_id="opencv-matrix">
  <rows>15</rows>
  <cols>1</cols>
  <dt>"3d"</dt>
  <data>
    -1.9845543587527739e-01 1.2053196135713836e-02
    -1.5374570837555421e+00 5.9252285560270079e-01
    -4.5382136880999413e-01 2.0256815155334844e+00
    -1.6945340142729712e-01 -6.2636727812362972e-02
    1.5375094094187189e+00 1.3927536867059284e-01 1.3029547039205039e-01
    -8.8861129343467422e-04 -4.0549218297795614e-01
    2.9772981772777601e-01 5.9339062686231714e-01
    -4.5119229845188902e-01 1.3691516440879736e-01
    -8.1889312674376136e-01 7.3156768484833601e-03
    -1.6937278312329301e-01 -1.9980003612856756e+00
    -2.8527319115856475e-01 -4.4061831523697095e-02
    -3.1128225622458463e+00 -2.7985196305404070e-01
    -3.0713576524006647e-01 -2.2070814632743101e+00
    2.2719420076965213e-01 1.0794152796128072e-01 2.2220543221688556e+00
    -7.7987871019594057e-01 2.3495153124483442e-01
    1.2943473554576662e-01 3.5081776342535363e-02 1.4222474599137450e-01
    1.3788907383029685e+00 3.9806553794335453e-02 1.3435651942781376e-01
    1.9692495405890202e+00 7.5910773127750075e-01 1.6636931775781211e-01
    -4.9698260378155855e-02 4.2615778945949329e-01
    -9.9388563747602646e-02 1.1804189003427870e+00</data></Rotation_vector>
<Translation_vector type_id="opencv-matrix">
  <rows>15</rows>
  <cols>1</cols>
  <dt>"3d"</dt>
  <data>
    2.9763229821474222e-04 -1.3115512286590379e-02
    3.9466285536849938e-01 2.1132219516392478e-01
    -4.0717404680675015e-02 4.3177215369680538e-01
    2.5480295981848100e-01 -1.7067888076071050e-01
    7.7681379120469973e-01 1.2302551320244740e-01
    -1.9157395967849089e-01 8.5181513038567569e-01
    1.7719532392138898e-01 -2.0544214352490481e-01
    6.7425602697728637e-01 9.0603519046091222e-02
    -1.1883556241763477e-01 5.9365473352074560e-01
    -4.8223500388406351e-02 -1.2355704076560186e-02
    5.8350633262007845e-01 1.6137892000090048e-01
    -5.0308406996339003e-03 5.1342775426932397e-01
    1.2986574731029271e-01 -2.5568598650315754e-02
    5.3593408845664681e-01 2.3076746696301842e-01
    -9.4687858756837689e-02 5.8256761371679933e-01
    9.5076319094579642e-02 -1.8385805470592728e-01
    6.5214107506428753e-01 1.6203505172823424e-01
    -1.4235613554483822e-01 3.9057201782004736e-01
    2.0438704516255746e-01 -7.8400189072990928e-02
    4.2043334392098647e-01 3.8410784747014523e-02
    -9.9445134286974088e-02 3.8891782387091728e-01
    1.5090032681541210e-01 -1.3600355433814257e-01
    4.0418699211644882e-01</data></Translation_vector>
</opencv_storage>
