<?xml version="1.0"?>
<opencv_storage>
<cameraMatrix type_id="opencv-matrix">
  <rows>3</rows>
  <cols>3</cols>
  <dt>d</dt>
  <data>
    9.8325590145756382e+02 0. 6.4496800911674018e+02 0.
    9.8836711133863241e+02 3.8000091966330706e+02 0. 0. 1.</data></cameraMatrix>
<distCoeffs type_id="opencv-matrix">
  <rows>1</rows>
  <cols>5</cols>
  <dt>d</dt>
  <data>
    -3.8420169609396621e-01 3.1218787452032681e-01
    -6.4469014310043664e-03 -2.5553397899395026e-04
    -3.3432531473836447e-01</data></distCoeffs>
<Rotation_vector type_id="opencv-matrix">
  <rows>14</rows>
  <cols>1</cols>
  <dt>"3d"</dt>
  <data>
    -8.4241795129680375e-01 -5.2769583052680102e-01
    -1.0653748991004439e+00 -2.1427886103013075e-01
    -2.5127777346921187e-01 -1.5639814625210107e+00
    -4.9583486644022751e-01 -9.2832601919189695e-01
    -1.9056426367949522e+00 -8.2938506599225725e-01
    -4.5282380434098818e-01 -9.7313354630477755e-01
    -6.0922468219271331e-01 -7.5914378544325656e-01
    -1.5584099591051237e+00 -3.3471527309888571e-01
    -2.2357803071869556e-01 -1.1850732836620752e+00
    -1.9851787639005758e-01 -2.4399889224170565e-01
    -1.2616253731287757e+00 -1.6838859688859811e-01
    -4.5479165801813159e-01 -1.7439167232879160e+00
    -2.2940586635841745e-01 -2.1435785844348107e-01
    -1.9239287745446145e+00 -2.0371179152125007e-01
    -2.4178213338923882e-01 -1.5223056610573213e+00
    -5.4724711544816518e-01 -9.5857445929512231e-01
    -1.7490656893109351e+00 -7.1142453276790885e-01
    -7.8970226448029646e-01 -1.4334083903825630e+00
    -2.4438824150130367e-01 -2.7159106691616125e-01
    -1.3270554861317738e+00 -2.5610503658356026e-01
    -4.6907798368728632e-01 -1.7388854978612074e+00</data></Rotation_vector>
<Translation_vector type_id="opencv-matrix">
  <rows>14</rows>
  <cols>1</cols>
  <dt>"3d"</dt>
  <data>
    -1.2727550593832007e+01 -1.8044293287993736e+00
    3.0674785340625760e+01 -9.1358836343677048e+00
    4.4815817031775351e+00 2.2793283729216792e+01
    -1.5027751418665172e+00 3.5156009507621628e+00
    2.1700236634405247e+01 -1.3243426778127800e+01
    -2.2705920161497264e-01 3.5480296229452875e+01
    -9.3595808592490606e+00 3.9985976527317773e+00
    3.2198250433816291e+01 -1.3945417268286700e+01
    1.4362163109938493e+00 4.7771593823863675e+01
    -1.1158445275233298e+01 1.7635927327504738e-01
    3.2622323731103350e+01 -9.4680938201967191e+00
    7.2475195895613176e+00 4.5913158432952493e+01
    -4.8823774987928958e+00 6.9690600747908631e+00
    3.1836773039755940e+01 -1.1131226076061706e+01
    5.3079301998433444e+00 3.8696373082034057e+01
    -4.9030110507340607e+00 4.4750896373070894e+00
    2.0735202400083907e+01 -9.4827969862274379e+00
    2.0597938684583164e+00 2.0922216518788545e+01
    -1.0474915071189388e+01 2.6700023978843808e+00
    3.7015133460272125e+01 -6.8850773556412532e+00
    5.3243157861327672e+00 3.6864379764551984e+01</data></Translation_vector>
<PerViewErrors type_id="opencv-matrix">
  <rows>14</rows>
  <cols>1</cols>
  <dt>d</dt>
  <data>
    3.7714684471228960e-01 2.3707454673625467e-01 3.6015026322906185e-01
    3.3069022239518042e-01 2.6700468505121244e-01 1.6965531919817103e-01
    2.2136714833549709e-01 1.6398708686102390e-01 1.9540707042920616e-01
    1.7964308728292439e-01 4.1610452958683186e-01 4.5248300241703848e-01
    1.9108793502343008e-01 1.7543560298752264e-01</data></PerViewErrors>
<overallRMS_RPError>2.8399064187017226e-01</overallRMS_RPError>
</opencv_storage>
