<?xml version="1.0"?>
<opencv_storage>
<width>1280</width>
<height>720</height>
<cameraMatrix type_id="opencv-matrix">
  <rows>3</rows>
  <cols>3</cols>
  <dt>d</dt>
  <data>
    9.8575728085936964e+02 0. 6.4408777728879886e+02 0.
    9.8926212698331403e+02 3.7342767112662762e+02 0. 0. 1.</data></cameraMatrix>
<distCoeffs type_id="opencv-matrix">
  <rows>1</rows>
  <cols>5</cols>
  <dt>d</dt>
  <data>
    -3.8528039719123108e-01 3.0185498369751590e-01
    -4.3035278654452898e-03 -8.1311299679880745e-05
    -3.2104869887518167e-01</data></distCoeffs>
<Rotation_vector type_id="opencv-matrix">
  <rows>3</rows>
  <cols>1</cols>
  <dt>d</dt>
  <data>
    -3.8913221878375215e-01 -1.7840845786943380e-01
    -1.9921401736212796e-01</data></Rotation_vector>
<Translation_vector type_id="opencv-matrix">
  <rows>3</rows>
  <cols>1</cols>
  <dt>d</dt>
  <data>
    -1.1910389422309901e+01 -2.4027415304481541e+00
    4.9940306123190318e+01</data></Translation_vector>
<PerViewErrors type_id="opencv-matrix">
  <rows>18</rows>
  <cols>1</cols>
  <dt>d</dt>
  <data>
    1.7798533197737454e-01 3.6384601513435261e-01 3.7469496616498033e-01
    2.3376735490286135e-01 3.6060865091589356e-01 3.1674410053990226e-01
    3.3046446495339055e-01 2.6647067330988344e-01 2.1201599383570691e-01
    2.1199592999733119e-01 1.7555821384134246e-01 3.4063792658320541e-01
    4.2120167903187333e-01 1.8776672743139802e-01 1.7523587048196321e-01
    1.6199319472651261e-01 1.7092059447972699e-01 1.6338654089662422e-01</data></PerViewErrors>
<overallRMS_RPError>2.7202517819488042e-01</overallRMS_RPError>
</opencv_storage>
