<?xml version="1.0"?>
<opencv_storage>
<width>1280</width>
<height>720</height>
<cameraMatrix type_id="opencv-matrix">
  <rows>3</rows>
  <cols>3</cols>
  <dt>d</dt>
  <data>
    9.8575307209991934e+02 0. 6.4408935828585504e+02 0.
    9.8925879202660315e+02 3.7343206884702960e+02 0. 0. 1.</data></cameraMatrix>
<distCoeffs type_id="opencv-matrix">
  <rows>1</rows>
  <cols>5</cols>
  <dt>d</dt>
  <data>
    -3.8527114070289298e-01 3.0177580560615402e-01
    -4.3051448998011983e-03 -8.1340031392025566e-05
    -3.2082470417479980e-01</data></distCoeffs>
<Rotation_vector type_id="opencv-matrix">
  <rows>3</rows>
  <cols>1</cols>
  <dt>d</dt>
  <data>
    -3.8912980583054718e-01 -1.7840886372712622e-01
    -1.9921466337775948e-01</data></Rotation_vector>
<Translation_vector type_id="opencv-matrix">
  <rows>3</rows>
  <cols>1</cols>
  <dt>d</dt>
  <data>
    -1.1910471153658595e+01 -2.4029612387872383e+00
    4.9940086507071165e+01</data></Translation_vector>
<PerViewErrors type_id="opencv-matrix">
  <rows>18</rows>
  <cols>1</cols>
  <dt>d</dt>
  <data>
    1.7799368382584688e-01 3.6385905860946033e-01 3.7466904155720437e-01
    2.3377845038981696e-01 3.6056710171379835e-01 3.1673897883789764e-01
    3.3044081498999889e-01 2.6647187309678572e-01 2.1201501078708529e-01
    2.1198692847438830e-01 1.7556206697267063e-01 3.4062464082796906e-01
    4.2120164934338084e-01 1.8771940552689803e-01 1.7521344748528317e-01
    1.6194070830091273e-01 1.7081451760058644e-01 1.6340056025212665e-01</data></PerViewErrors>
<overallRMS_RPError>2.7201126689900812e-01</overallRMS_RPError>
</opencv_storage>
