<?xml version="1.0"?>
<opencv_storage>
<CornersAmount>48</CornersAmount>
<Corner_0>
  253 363</Corner_0>
<Corner_1>
  262 357</Corner_1>
<Corner_2>
  271 351</Corner_2>
<Corner_3>
  280 345</Corner_3>
<Corner_4>
  289 340</Corner_4>
<Corner_5>
  297 335</Corner_5>
<Corner_6>
  306 330</Corner_6>
<Corner_7>
  313 326</Corner_7>
<Corner_8>
  262 367</Corner_8>
<Corner_9>
  273 361</Corner_9>
<Corner_10>
  281 355</Corner_10>
<Corner_11>
  291 350</Corner_11>
<Corner_12>
  299 344</Corner_12>
<Corner_13>
  309 339</Corner_13>
<Corner_14>
  315 333</Corner_14>
<Corner_15>
  325 329</Corner_15>
<Corner_16>
  274 372</Corner_16>
<Corner_17>
  283 366</Corner_17>
<Corner_18>
  293 359</Corner_18>
<Corner_19>
  301 354</Corner_19>
<Corner_20>
  311 348</Corner_20>
<Corner_21>
  319 342</Corner_21>
<Corner_22>
  327 337</Corner_22>
<Corner_23>
  334 332</Corner_23>
<Corner_24>
  286 377</Corner_24>
<Corner_25>
  296 370</Corner_25>
<Corner_26>
  304 364</Corner_26>
<Corner_27>
  314 358</Corner_27>
<Corner_28>
  322 352</Corner_28>
<Corner_29>
  331 346</Corner_29>
<Corner_30>
  337 341</Corner_30>
<Corner_31>
  346 335</Corner_31>
<Corner_32>
  298 382</Corner_32>
<Corner_33>
  307 375</Corner_33>
<Corner_34>
  317 368</Corner_34>
<Corner_35>
  324 363</Corner_35>
<Corner_36>
  334 356</Corner_36>
<Corner_37>
  341 351</Corner_37>
<Corner_38>
  350 344</Corner_38>
<Corner_39>
  356 339</Corner_39>
<Corner_40>
  310 386</Corner_40>
<Corner_41>
  320 379</Corner_41>
<Corner_42>
  328 373</Corner_42>
<Corner_43>
  337 366</Corner_43>
<Corner_44>
  344 360</Corner_44>
<Corner_45>
  354 354</Corner_45>
<Corner_46>
  361 348</Corner_46>
<Corner_47>
  369 343</Corner_47>
</opencv_storage>
