<?xml version="1.0"?>
<opencv_storage>
<CameraMatrix type_id="opencv-matrix">
  <rows>3</rows>
  <cols>3</cols>
  <dt>f</dt>
  <data>
    4.87851288e+02 0. 3.47671234e+02 0. 4.90217896e+02 2.46419113e+02 0.
    0. 1.</data></CameraMatrix>
<DistortionCoeffs type_id="opencv-matrix">
  <rows>1</rows>
  <cols>5</cols>
  <dt>f</dt>
  <data>
    -3.90098214e-01 2.68931925e-01 -8.07992823e-04 -6.39186474e-04
    -1.43968195e-01</data></DistortionCoeffs>
<RotationValues type_id="opencv-matrix">
  <rows>3</rows>
  <cols>1</cols>
  <dt>f</dt>
  <data>
    1.60941958e+00 5.81749976e-01 -5.21709502e-01</data></RotationValues>
<TranslationValues type_id="opencv-matrix">
  <rows>3</rows>
  <cols>1</cols>
  <dt>f</dt>
  <data>
    -9.86874329e+02 8.81263855e+02 4.01542163e+03</data></TranslationValues>
</opencv_storage>
