<?xml version="1.0"?>
<opencv_storage>
<CornersAmount>48</CornersAmount>
<Corner_0>
  398 411</Corner_0>
<Corner_1>
  397 399</Corner_1>
<Corner_2>
  396 388</Corner_2>
<Corner_3>
  395 378</Corner_3>
<Corner_4>
  395 367</Corner_4>
<Corner_5>
  393 358</Corner_5>
<Corner_6>
  392 351</Corner_6>
<Corner_7>
  392 343</Corner_7>
<Corner_8>
  417 410</Corner_8>
<Corner_9>
  415 398</Corner_9>
<Corner_10>
  413 387</Corner_10>
<Corner_11>
  412 377</Corner_11>
<Corner_12>
  411 368</Corner_12>
<Corner_13>
  409 358</Corner_13>
<Corner_14>
  408 350</Corner_14>
<Corner_15>
  406 342</Corner_15>
<Corner_16>
  434 409</Corner_16>
<Corner_17>
  433 399</Corner_17>
<Corner_18>
  430 387</Corner_18>
<Corner_19>
  429 377</Corner_19>
<Corner_20>
  426 367</Corner_20>
<Corner_21>
  425 358</Corner_21>
<Corner_22>
  423 349</Corner_22>
<Corner_23>
  422 341</Corner_23>
<Corner_24>
  453 409</Corner_24>
<Corner_25>
  451 397</Corner_25>
<Corner_26>
  448 387</Corner_26>
<Corner_27>
  445 376</Corner_27>
<Corner_28>
  443 367</Corner_28>
<Corner_29>
  440 358</Corner_29>
<Corner_30>
  438 349</Corner_30>
<Corner_31>
  435 342</Corner_31>
<Corner_32>
  470 408</Corner_32>
<Corner_33>
  467 397</Corner_33>
<Corner_34>
  464 386</Corner_34>
<Corner_35>
  461 376</Corner_35>
<Corner_36>
  458 366</Corner_36>
<Corner_37>
  456 357</Corner_37>
<Corner_38>
  453 350</Corner_38>
<Corner_39>
  452 342</Corner_39>
<Corner_40>
  488 408</Corner_40>
<Corner_41>
  484 395</Corner_41>
<Corner_42>
  480 385</Corner_42>
<Corner_43>
  477 375</Corner_43>
<Corner_44>
  474 366</Corner_44>
<Corner_45>
  471 359</Corner_45>
<Corner_46>
  468 350</Corner_46>
<Corner_47>
  466 342</Corner_47>
</opencv_storage>
