<?xml version="1.0"?>
<opencv_storage>
<CornersAmount>48</CornersAmount>
<Corner_0>
  398 410</Corner_0>
<Corner_1>
  397 399</Corner_1>
<Corner_2>
  396 388</Corner_2>
<Corner_3>
  395 377</Corner_3>
<Corner_4>
  394 368</Corner_4>
<Corner_5>
  393 359</Corner_5>
<Corner_6>
  392 350</Corner_6>
<Corner_7>
  392 342</Corner_7>
<Corner_8>
  416 410</Corner_8>
<Corner_9>
  415 398</Corner_9>
<Corner_10>
  413 388</Corner_10>
<Corner_11>
  412 377</Corner_11>
<Corner_12>
  410 368</Corner_12>
<Corner_13>
  410 359</Corner_13>
<Corner_14>
  408 350</Corner_14>
<Corner_15>
  407 342</Corner_15>
<Corner_16>
  435 410</Corner_16>
<Corner_17>
  433 397</Corner_17>
<Corner_18>
  431 387</Corner_18>
<Corner_19>
  429 377</Corner_19>
<Corner_20>
  427 367</Corner_20>
<Corner_21>
  424 359</Corner_21>
<Corner_22>
  423 350</Corner_22>
<Corner_23>
  422 342</Corner_23>
<Corner_24>
  453 409</Corner_24>
<Corner_25>
  450 397</Corner_25>
<Corner_26>
  448 387</Corner_26>
<Corner_27>
  445 377</Corner_27>
<Corner_28>
  443 368</Corner_28>
<Corner_29>
  441 359</Corner_29>
<Corner_30>
  439 350</Corner_30>
<Corner_31>
  436 342</Corner_31>
<Corner_32>
  470 408</Corner_32>
<Corner_33>
  466 397</Corner_33>
<Corner_34>
  464 386</Corner_34>
<Corner_35>
  462 376</Corner_35>
<Corner_36>
  459 367</Corner_36>
<Corner_37>
  456 358</Corner_37>
<Corner_38>
  454 350</Corner_38>
<Corner_39>
  451 342</Corner_39>
<Corner_40>
  488 408</Corner_40>
<Corner_41>
  484 397</Corner_41>
<Corner_42>
  480 386</Corner_42>
<Corner_43>
  477 376</Corner_43>
<Corner_44>
  474 366</Corner_44>
<Corner_45>
  472 358</Corner_45>
<Corner_46>
  468 350</Corner_46>
<Corner_47>
  466 342</Corner_47>
</opencv_storage>
