<?xml version="1.0"?>
<opencv_storage>
<CameraMatrix type_id="opencv-matrix">
  <rows>3</rows>
  <cols>3</cols>
  <dt>f</dt>
  <data>
    4.88807373e+02 0. 3.24534332e+02 0. 4.87664398e+02 2.35528885e+02 0.
    0. 1.</data></CameraMatrix>
<DistortionCoeffs type_id="opencv-matrix">
  <rows>1</rows>
  <cols>5</cols>
  <dt>f</dt>
  <data>
    -3.56483608e-01 1.58549681e-01 1.13294681e-03 -1.13463472e-03
    -3.42447348e-02</data></DistortionCoeffs>
<RotationValues type_id="opencv-matrix">
  <rows>3</rows>
  <cols>1</cols>
  <dt>f</dt>
  <data>
    1.91144609e+00 5.89528978e-02 -5.29083759e-02</data></RotationValues>
<TranslationValues type_id="opencv-matrix">
  <rows>3</rows>
  <cols>1</cols>
  <dt>f</dt>
  <data>
    4.51357086e+02 1.07165588e+03 2.83568213e+03</data></TranslationValues>
</opencv_storage>
