<?xml version="1.0"?>
<opencv_storage>
<CameraMatrix type_id="opencv-matrix">
  <rows>3</rows>
  <cols>3</cols>
  <dt>d</dt>
  <data>
    4.8880738754089418e+02 0. 3.2453434424636680e+02 0.
    4.8766439091179740e+02 2.3552888382539544e+02 0. 0. 1.</data></CameraMatrix>
<DistortionCoeffs type_id="opencv-matrix">
  <rows>1</rows>
  <cols>5</cols>
  <dt>d</dt>
  <data>
    -3.5648361230724035e-01 1.5854967620055579e-01
    1.1329468613252088e-03 -1.1346346721083256e-03
    -3.4244734767091688e-02</data></DistortionCoeffs>
</opencv_storage>
