<?xml version="1.0"?>
<opencv_storage>
<CornersAmount>48</CornersAmount>
<Corner_0>
  241 355</Corner_0>
<Corner_1>
  256 355</Corner_1>
<Corner_2>
  271 355</Corner_2>
<Corner_3>
  287 356</Corner_3>
<Corner_4>
  302 357</Corner_4>
<Corner_5>
  317 357</Corner_5>
<Corner_6>
  331 357</Corner_6>
<Corner_7>
  347 357</Corner_7>
<Corner_8>
  239 364</Corner_8>
<Corner_9>
  256 364</Corner_9>
<Corner_10>
  270 365</Corner_10>
<Corner_11>
  286 365</Corner_11>
<Corner_12>
  301 365</Corner_12>
<Corner_13>
  317 366</Corner_13>
<Corner_14>
  332 365</Corner_14>
<Corner_15>
  348 366</Corner_15>
<Corner_16>
  238 371</Corner_16>
<Corner_17>
  254 373</Corner_17>
<Corner_18>
  269 373</Corner_18>
<Corner_19>
  286 373</Corner_19>
<Corner_20>
  301 374</Corner_20>
<Corner_21>
  317 374</Corner_21>
<Corner_22>
  333 374</Corner_22>
<Corner_23>
  349 374</Corner_23>
<Corner_24>
  236 380</Corner_24>
<Corner_25>
  251 382</Corner_25>
<Corner_26>
  268 382</Corner_26>
<Corner_27>
  285 383</Corner_27>
<Corner_28>
  300 383</Corner_28>
<Corner_29>
  317 383</Corner_29>
<Corner_30>
  333 383</Corner_30>
<Corner_31>
  350 383</Corner_31>
<Corner_32>
  234 389</Corner_32>
<Corner_33>
  249 391</Corner_33>
<Corner_34>
  266 392</Corner_34>
<Corner_35>
  283 392</Corner_35>
<Corner_36>
  300 392</Corner_36>
<Corner_37>
  317 392</Corner_37>
<Corner_38>
  334 393</Corner_38>
<Corner_39>
  350 392</Corner_39>
<Corner_40>
  231 400</Corner_40>
<Corner_41>
  247 400</Corner_41>
<Corner_42>
  265 402</Corner_42>
<Corner_43>
  282 402</Corner_43>
<Corner_44>
  299 403</Corner_44>
<Corner_45>
  318 402</Corner_45>
<Corner_46>
  334 403</Corner_46>
<Corner_47>
  351 404</Corner_47>
</opencv_storage>
