<?xml version="1.0"?>
<opencv_storage>
<CameraMatrix type_id="opencv-matrix">
  <rows>3</rows>
  <cols>3</cols>
  <dt>f</dt>
  <data>
    4.88674255e+02 0. 3.28690125e+02 0. 4.91141510e+02 2.25118896e+02 0.
    0. 1.</data></CameraMatrix>
<DistortionCoeffs type_id="opencv-matrix">
  <rows>1</rows>
  <cols>5</cols>
  <dt>f</dt>
  <data>
    -3.62701952e-01 1.88706979e-01 7.53497588e-04 -4.96004759e-05
    -6.46228790e-02</data></DistortionCoeffs>
<RotationValues type_id="opencv-matrix">
  <rows>3</rows>
  <cols>1</cols>
  <dt>f</dt>
  <data>
    1.42104244e+00 1.41370308e+00 -1.01901186e+00</data></RotationValues>
<TranslationValues type_id="opencv-matrix">
  <rows>3</rows>
  <cols>1</cols>
  <dt>f</dt>
  <data>
    -6.65430847e+02 9.89764587e+02 3.60548462e+03</data></TranslationValues>
</opencv_storage>
