<?xml version="1.0"?>
<opencv_storage>
<CameraMatrix type_id="opencv-matrix">
  <rows>3</rows>
  <cols>3</cols>
  <dt>d</dt>
  <data>
    4.8867425144229776e+02 0. 3.2869011739008522e+02 0.
    4.9114150701881840e+02 2.2511890168360478e+02 0. 0. 1.</data></CameraMatrix>
<DistortionCoeffs type_id="opencv-matrix">
  <rows>1</rows>
  <cols>5</cols>
  <dt>d</dt>
  <data>
    -3.6270196149896383e-01 1.8870697559264274e-01
    7.5349759570734142e-04 -4.9600477543567643e-05
    -6.4622879941624731e-02</data></DistortionCoeffs>
</opencv_storage>
