<?xml version="1.0"?>
<opencv_storage>
<CornersAmount>48</CornersAmount>
<Corner_0>
  252 363</Corner_0>
<Corner_1>
  261 356</Corner_1>
<Corner_2>
  271 352</Corner_2>
<Corner_3>
  279 345</Corner_3>
<Corner_4>
  290 340</Corner_4>
<Corner_5>
  296 335</Corner_5>
<Corner_6>
  306 330</Corner_6>
<Corner_7>
  313 325</Corner_7>
<Corner_8>
  262 367</Corner_8>
<Corner_9>
  273 362</Corner_9>
<Corner_10>
  282 355</Corner_10>
<Corner_11>
  291 350</Corner_11>
<Corner_12>
  299 344</Corner_12>
<Corner_13>
  308 338</Corner_13>
<Corner_14>
  315 333</Corner_14>
<Corner_15>
  323 328</Corner_15>
<Corner_16>
  274 372</Corner_16>
<Corner_17>
  282 365</Corner_17>
<Corner_18>
  293 360</Corner_18>
<Corner_19>
  302 353</Corner_19>
<Corner_20>
  311 347</Corner_20>
<Corner_21>
  319 342</Corner_21>
<Corner_22>
  326 336</Corner_22>
<Corner_23>
  334 332</Corner_23>
<Corner_24>
  284 377</Corner_24>
<Corner_25>
  295 370</Corner_25>
<Corner_26>
  304 364</Corner_26>
<Corner_27>
  313 357</Corner_27>
<Corner_28>
  322 352</Corner_28>
<Corner_29>
  330 346</Corner_29>
<Corner_30>
  337 340</Corner_30>
<Corner_31>
  344 335</Corner_31>
<Corner_32>
  297 381</Corner_32>
<Corner_33>
  305 375</Corner_33>
<Corner_34>
  316 368</Corner_34>
<Corner_35>
  324 363</Corner_35>
<Corner_36>
  333 356</Corner_36>
<Corner_37>
  340 350</Corner_37>
<Corner_38>
  349 345</Corner_38>
<Corner_39>
  356 339</Corner_39>
<Corner_40>
  309 386</Corner_40>
<Corner_41>
  319 380</Corner_41>
<Corner_42>
  327 373</Corner_42>
<Corner_43>
  336 367</Corner_43>
<Corner_44>
  346 360</Corner_44>
<Corner_45>
  353 354</Corner_45>
<Corner_46>
  360 349</Corner_46>
<Corner_47>
  369 343</Corner_47>
</opencv_storage>
