<?xml version="1.0"?>
<opencv_storage>
<CameraMatrix type_id="opencv-matrix">
  <rows>3</rows>
  <cols>3</cols>
  <dt>f</dt>
  <data>
    4.86756683e+02 0. 3.32209717e+02 0. 4.88868622e+02 2.34561066e+02 0.
    0. 1.</data></CameraMatrix>
<DistortionCoeffs type_id="opencv-matrix">
  <rows>1</rows>
  <cols>5</cols>
  <dt>f</dt>
  <data>
    -3.71059895e-01 2.10152566e-01 -6.15620636e-04 -8.18102795e-04
    -8.06325451e-02</data></DistortionCoeffs>
<RotationValues type_id="opencv-matrix">
  <rows>3</rows>
  <cols>1</cols>
  <dt>f</dt>
  <data>
    1.43713248e+00 1.42195547e+00 -1.00178957e+00</data></RotationValues>
<TranslationValues type_id="opencv-matrix">
  <rows>3</rows>
  <cols>1</cols>
  <dt>f</dt>
  <data>
    -6.91342590e+02 9.17291199e+02 3.58660229e+03</data></TranslationValues>
</opencv_storage>
