<?xml version="1.0"?>
<opencv_storage>
<CornersAmount>48</CornersAmount>
<Corner_0>
  358 302</Corner_0>
<Corner_1>
  367 304</Corner_1>
<Corner_2>
  376 307</Corner_2>
<Corner_3>
  384 309</Corner_3>
<Corner_4>
  396 312</Corner_4>
<Corner_5>
  406 314</Corner_5>
<Corner_6>
  417 317</Corner_6>
<Corner_7>
  429 321</Corner_7>
<Corner_8>
  349 304</Corner_8>
<Corner_9>
  358 307</Corner_9>
<Corner_10>
  367 310</Corner_10>
<Corner_11>
  378 312</Corner_11>
<Corner_12>
  387 316</Corner_12>
<Corner_13>
  399 318</Corner_13>
<Corner_14>
  408 321</Corner_14>
<Corner_15>
  421 324</Corner_15>
<Corner_16>
  341 308</Corner_16>
<Corner_17>
  348 311</Corner_17>
<Corner_18>
  360 313</Corner_18>
<Corner_19>
  368 316</Corner_19>
<Corner_20>
  379 319</Corner_20>
<Corner_21>
  389 322</Corner_21>
<Corner_22>
  401 324</Corner_22>
<Corner_23>
  412 328</Corner_23>
<Corner_24>
  331 311</Corner_24>
<Corner_25>
  341 312</Corner_25>
<Corner_26>
  349 316</Corner_26>
<Corner_27>
  360 320</Corner_27>
<Corner_28>
  369 322</Corner_28>
<Corner_29>
  381 326</Corner_29>
<Corner_30>
  392 329</Corner_30>
<Corner_31>
  404 332</Corner_31>
<Corner_32>
  322 314</Corner_32>
<Corner_33>
  330 316</Corner_33>
<Corner_34>
  342 320</Corner_34>
<Corner_35>
  351 323</Corner_35>
<Corner_36>
  362 325</Corner_36>
<Corner_37>
  372 329</Corner_37>
<Corner_38>
  384 332</Corner_38>
<Corner_39>
  395 336</Corner_39>
<Corner_40>
  313 317</Corner_40>
<Corner_41>
  323 320</Corner_41>
<Corner_42>
  332 323</Corner_42>
<Corner_43>
  342 327</Corner_43>
<Corner_44>
  351 330</Corner_44>
<Corner_45>
  363 333</Corner_45>
<Corner_46>
  374 337</Corner_46>
<Corner_47>
  387 341</Corner_47>
</opencv_storage>
