<?xml version="1.0"?>
<opencv_storage>
<CameraMatrix type_id="opencv-matrix">
  <rows>3</rows>
  <cols>3</cols>
  <dt>f</dt>
  <data>
    4.91588531e+02 0. 3.30931030e+02 0. 4.94091125e+02 2.25486130e+02 0.
    0. 1.</data></CameraMatrix>
<DistortionCoeffs type_id="opencv-matrix">
  <rows>1</rows>
  <cols>5</cols>
  <dt>f</dt>
  <data>
    -3.70199502e-01 2.07728371e-01 -1.28319123e-04 2.48994591e-04
    -7.70999342e-02</data></DistortionCoeffs>
<RotationValues type_id="opencv-matrix">
  <rows>3</rows>
  <cols>1</cols>
  <dt>f</dt>
  <data>
    8.13266695e-01 1.90992618e+00 -1.64041817e+00</data></RotationValues>
<TranslationValues type_id="opencv-matrix">
  <rows>3</rows>
  <cols>1</cols>
  <dt>f</dt>
  <data>
    2.45036407e+02 7.14876160e+02 4.58962402e+03</data></TranslationValues>
</opencv_storage>
