<?xml version="1.0"?>
<opencv_storage>
<p1 type_id="opencv-matrix">
  <rows>16</rows>
  <cols>3</cols>
  <dt>f</dt>
  <data>
    1.34739308e-02 1.18043356e-01 2.47217342e-01 2.20562398e-01
    2.41944939e-01 1.23901583e-01 2.28471011e-02 9.08025820e-03
    2.63620401e-03 0. 2.92911544e-04 0. 0. 0. 0. 0. 0. 1.20093729e-02
    1.05155244e-01 2.20269486e-01 2.88810790e-01 2.42237851e-01
    5.62390164e-02 3.33919153e-02 2.84124203e-02 1.31810196e-02 0.
    2.92911544e-04 0. 0. 0. 0. 0. 5.56531921e-03 5.74106611e-02
    1.86584651e-01 2.67428249e-01 3.12536627e-01 1.11013472e-01
    3.66139412e-02 1.72817819e-02 4.97949636e-03 2.92911544e-04
    2.92911544e-04 0. 0. 0. 0.</data></p1>
<p2 type_id="opencv-matrix">
  <rows>16</rows>
  <cols>3</cols>
  <dt>f</dt>
  <data>
    1.39072850e-01 1.95684686e-01 1.24332406e-01 2.98440516e-01
    1.77098915e-01 3.39671001e-02 1.21768853e-02 1.23905148e-02
    2.13629566e-03 2.34992523e-03 2.13629566e-03 2.13629566e-04 0. 0. 0.
    0. 4.27259132e-04 2.03161716e-01 1.11087374e-01 7.24204257e-02
    1.60435811e-01 2.20252082e-01 1.16214484e-01 7.51976073e-02
    2.58491784e-02 4.69985045e-03 4.48622089e-03 2.56355479e-03
    1.92266610e-03 1.28177740e-03 0. 0. 0. 6.75069392e-02 2.23883778e-01
    5.83208725e-02 6.60115331e-02 1.26468703e-01 2.22174749e-01
    1.64067507e-01 4.89211716e-02 9.39970091e-03 4.48622089e-03
    3.84533219e-03 2.77718436e-03 1.92266610e-03 2.13629566e-04 0.</data></p2>
<p3 type_id="opencv-matrix">
  <rows>16</rows>
  <cols>3</cols>
  <dt>f</dt>
  <data>
    4.21156496e-01 3.93921435e-01 7.06532449e-02 4.57864590e-02
    3.19715813e-02 1.38148805e-02 9.47306119e-03 6.31537382e-03
    2.36826530e-03 2.76297610e-03 9.86777130e-04 3.94710863e-04
    1.97355432e-04 1.97355432e-04 0. 0. 1.87487658e-02 6.21866941e-01
    1.76633105e-01 5.30886129e-02 3.67081091e-02 2.92086042e-02
    2.13143863e-02 1.71699226e-02 1.44069465e-02 5.52595221e-03
    1.57884345e-03 2.17090966e-03 7.89421727e-04 3.94710863e-04
    1.97355432e-04 1.97355432e-04 0. 4.60824937e-01 3.08466554e-01
    9.53226760e-02 4.30234857e-02 2.80244704e-02 2.36826520e-02
    2.19064523e-02 9.86777153e-03 3.15768691e-03 1.38148805e-03
    1.77619886e-03 1.57884345e-03 3.94710863e-04 3.94710863e-04
    1.97355432e-04</data></p3>
<p4 type_id="opencv-matrix">
  <rows>16</rows>
  <cols>3</cols>
  <dt>f</dt>
  <data>
    2.26308350e-02 1.25530407e-01 1.37199432e-01 3.12234789e-01
    2.63083458e-01 9.51202288e-02 2.12164074e-02 9.19377711e-03
    4.24328167e-03 6.01131562e-03 1.06082042e-03 7.07213592e-04
    1.41442718e-03 3.53606796e-04 0. 0. 0. 1.55586991e-02 9.19377655e-02
    1.66548803e-01 3.30268741e-01 2.24186704e-01 8.20367783e-02
    3.99575680e-02 2.86421496e-02 9.19377711e-03 3.88967479e-03
    4.59688855e-03 7.07213592e-04 7.07213592e-04 1.41442718e-03
    3.53606796e-04 0. 6.01131562e-03 6.15275837e-02 1.29420087e-01
    2.85007089e-01 2.94908077e-01 1.44271567e-01 4.95049506e-02
    1.13154175e-02 5.65770874e-03 4.24328167e-03 3.88967479e-03
    1.76803395e-03 7.07213592e-04 1.41442718e-03 3.53606796e-04</data></p4>
</opencv_storage>
