<?xml version="1.0"?>
<opencv_storage>
<p1 type_id="opencv-matrix">
  <rows>16</rows>
  <cols>3</cols>
  <dt>f</dt>
  <data>
    4.61112171e-01 4.05503541e-01 3.86011861e-02 3.59258577e-02
    1.93005931e-02 1.70074534e-02 8.40817951e-03 4.77737468e-03
    3.63080460e-03 2.10204488e-03 1.14656985e-03 1.52875984e-03
    3.82189959e-04 5.73284924e-04 0. 0. 2.56067272e-02 7.23867774e-01
    1.10835090e-01 4.35696542e-02 2.44601574e-02 2.36957781e-02
    1.56697892e-02 1.05102239e-02 9.55474935e-03 5.15956432e-03
    2.10204488e-03 1.33766490e-03 9.55474912e-04 1.71985477e-03
    5.73284924e-04 3.82189959e-04 9.55474912e-04 5.18631756e-01
    3.27918977e-01 5.63730188e-02 2.73265820e-02 2.59889178e-02
    1.52875986e-02 1.03191286e-02 8.59927386e-03 1.71985477e-03
    2.10204488e-03 7.64379918e-04 1.71985477e-03 1.52875984e-03
    3.82189959e-04 3.82189959e-04</data></p1>
<p2 type_id="opencv-matrix">
  <rows>16</rows>
  <cols>3</cols>
  <dt>f</dt>
  <data>
    1.61668230e-02 1.87675729e-01 2.38987818e-01 2.47188389e-01
    1.53701976e-01 1.06138706e-01 2.55388953e-02 7.73195876e-03
    1.03092790e-02 3.04592308e-03 3.04592308e-03 4.68603568e-04 0. 0. 0.
    0. 0. 2.03842558e-02 1.93064675e-01 3.09278369e-01 2.18837872e-01
    1.49718836e-01 5.08434884e-02 2.78819129e-02 1.40581075e-02
    1.00749768e-02 3.98313021e-03 1.40581070e-03 2.34301784e-04 0.
    2.34301784e-04 0. 0. 5.85754449e-03 1.34254918e-01 2.94048727e-01
    2.59606391e-01 1.54404879e-01 1.04029991e-01 2.71790065e-02
    1.07778823e-02 4.68603568e-03 3.74882855e-03 9.37207136e-04
    2.34301784e-04 0. 2.34301784e-04 0.</data></p2>
<p3 type_id="opencv-matrix">
  <rows>16</rows>
  <cols>3</cols>
  <dt>f</dt>
  <data>
    8.43166187e-02 2.75319576e-01 1.98377594e-01 1.38151437e-01
    9.21828970e-02 7.54670650e-02 5.67846633e-02 3.17109153e-02
    1.79449376e-02 9.83284228e-03 1.13077685e-02 3.44149466e-03
    2.45821057e-03 1.96656841e-03 7.37463124e-04 0. 4.67059994e-03
    1.34709939e-01 2.37217307e-01 1.66420847e-01 1.26106203e-01
    9.98033434e-02 7.69419894e-02 4.37561460e-02 3.49065885e-02
    2.67944951e-02 2.08947901e-02 7.62045244e-03 1.05703054e-02
    3.68731585e-03 2.45821057e-03 3.44149466e-03 1.22910528e-03
    5.06391376e-02 2.21238941e-01 2.03785658e-01 1.32743374e-01
    1.23402171e-01 8.84955749e-02 6.34218305e-02 3.85939032e-02
    2.08947901e-02 1.91740412e-02 1.27826948e-02 1.08161261e-02
    6.88298931e-03 2.94985250e-03 2.94985250e-03</data></p3>
<p4 type_id="opencv-matrix">
  <rows>16</rows>
  <cols>3</cols>
  <dt>f</dt>
  <data>
    2.21425369e-01 7.17167184e-02 1.39399365e-01 2.59076655e-01
    1.84222326e-01 6.23039007e-02 3.45136710e-02 9.41281952e-03
    7.61990156e-03 5.82698360e-03 4.03406564e-03 4.48229490e-04 0. 0. 0.
    0. 2.10667867e-02 2.20528916e-01 3.45136710e-02 7.53025562e-02
    1.78395331e-01 1.77050650e-01 1.36709988e-01 6.27521276e-02
    4.88570146e-02 2.51008514e-02 8.96458980e-03 4.48229490e-03
    3.13760643e-03 3.13760643e-03 0. 0. 8.96458980e-04 2.05737337e-01
    6.27521276e-02 4.43747193e-02 5.06499335e-02 1.40744060e-01
    1.79740027e-01 1.52398020e-01 7.39578679e-02 2.95831468e-02
    2.64455397e-02 1.79291796e-02 5.37875388e-03 4.48229490e-03
    2.24114745e-03 2.68937694e-03</data></p4>
</opencv_storage>
