<?xml version="1.0"?>
<opencv_storage>
<CameraMatrix type_id="opencv-matrix">
  <rows>3</rows>
  <cols>3</cols>
  <dt>f</dt>
  <data>
    4.91369354e+02 0. 3.19949188e+02 0. 4.89674988e+02 2.34110931e+02 0.
    0. 1.</data></CameraMatrix>
<DistortionCoeffs type_id="opencv-matrix">
  <rows>1</rows>
  <cols>5</cols>
  <dt>f</dt>
  <data>
    -3.63570452e-01 1.74980968e-01 9.81103745e-04 3.21353087e-04
    -4.77134734e-02</data></DistortionCoeffs>
<RotationValues type_id="opencv-matrix">
  <rows>3</rows>
  <cols>1</cols>
  <dt>f</dt>
  <data>
    1.91516757e+00 5.60879856e-02 -6.18659481e-02</data></RotationValues>
<TranslationValues type_id="opencv-matrix">
  <rows>3</rows>
  <cols>1</cols>
  <dt>f</dt>
  <data>
    4.82267029e+02 1.08649194e+03 2.85555005e+03</data></TranslationValues>
</opencv_storage>
