<?xml version="1.0"?>
<opencv_storage>
<CameraMatrix type_id="opencv-matrix">
  <rows>3</rows>
  <cols>3</cols>
  <dt>d</dt>
  <data>
    4.9136935269306485e+02 0. 3.1994918644982982e+02 0.
    4.8967499388554126e+02 2.3411093175362259e+02 0. 0. 1.</data></CameraMatrix>
<DistortionCoeffs type_id="opencv-matrix">
  <rows>1</rows>
  <cols>5</cols>
  <dt>d</dt>
  <data>
    -3.6357045728840037e-01 1.7498097242878280e-01
    9.8110370889129299e-04 3.2135307866129641e-04
    -4.7713473880592890e-02</data></DistortionCoeffs>
</opencv_storage>
