<?xml version="1.0"?>
<opencv_storage>
<cameraMatrix type_id="opencv-matrix">
  <rows>3</rows>
  <cols>3</cols>
  <dt>d</dt>
  <data>
    4.8785129906178952e+02 0. 3.4767124011818703e+02 0.
    4.9021790932542507e+02 2.4641911973801828e+02 0. 0. 1.</data></cameraMatrix>
<distCoeffs type_id="opencv-matrix">
  <rows>1</rows>
  <cols>5</cols>
  <dt>d</dt>
  <data>
    -3.9009821411375217e-01 2.6893192488363465e-01
    -8.0799285191628274e-04 -6.3918645382552276e-04
    -1.4396820135443092e-01</data></distCoeffs>
</opencv_storage>
