<?xml version="1.0"?>
<opencv_storage>
<CornersAmount>48</CornersAmount>
<Corner_0>
  191 456</Corner_0>
<Corner_1>
  191 448</Corner_1>
<Corner_2>
  192 439</Corner_2>
<Corner_3>
  191 431</Corner_3>
<Corner_4>
  191 424</Corner_4>
<Corner_5>
  192 416</Corner_5>
<Corner_6>
  192 410</Corner_6>
<Corner_7>
  192 404</Corner_7>
<Corner_8>
  211 456</Corner_8>
<Corner_9>
  211 447</Corner_9>
<Corner_10>
  210 438</Corner_10>
<Corner_11>
  210 430</Corner_11>
<Corner_12>
  209 422</Corner_12>
<Corner_13>
  209 415</Corner_13>
<Corner_14>
  209 409</Corner_14>
<Corner_15>
  209 403</Corner_15>
<Corner_16>
  232 455</Corner_16>
<Corner_17>
  230 445</Corner_17>
<Corner_18>
  229 437</Corner_18>
<Corner_19>
  228 429</Corner_19>
<Corner_20>
  227 421</Corner_20>
<Corner_21>
  226 414</Corner_21>
<Corner_22>
  226 408</Corner_22>
<Corner_23>
  225 401</Corner_23>
<Corner_24>
  253 453</Corner_24>
<Corner_25>
  250 444</Corner_25>
<Corner_26>
  248 436</Corner_26>
<Corner_27>
  247 428</Corner_27>
<Corner_28>
  244 420</Corner_28>
<Corner_29>
  244 413</Corner_29>
<Corner_30>
  241 407</Corner_30>
<Corner_31>
  241 401</Corner_31>
<Corner_32>
  273 451</Corner_32>
<Corner_33>
  269 442</Corner_33>
<Corner_34>
  267 434</Corner_34>
<Corner_35>
  265 426</Corner_35>
<Corner_36>
  262 419</Corner_36>
<Corner_37>
  260 412</Corner_37>
<Corner_38>
  258 406</Corner_38>
<Corner_39>
  257 400</Corner_39>
<Corner_40>
  293 450</Corner_40>
<Corner_41>
  289 440</Corner_41>
<Corner_42>
  285 432</Corner_42>
<Corner_43>
  283 424</Corner_43>
<Corner_44>
  280 417</Corner_44>
<Corner_45>
  277 410</Corner_45>
<Corner_46>
  275 404</Corner_46>
<Corner_47>
  272 399</Corner_47>
</opencv_storage>
