<?xml version="1.0"?>
<opencv_storage>
<CornersAmount>48</CornersAmount>
<Corner_0>
  233 350</Corner_0>
<Corner_1>
  242 347</Corner_1>
<Corner_2>
  254 344</Corner_2>
<Corner_3>
  262 341</Corner_3>
<Corner_4>
  272 339</Corner_4>
<Corner_5>
  280 336</Corner_5>
<Corner_6>
  291 333</Corner_6>
<Corner_7>
  298 331</Corner_7>
<Corner_8>
  241 353</Corner_8>
<Corner_9>
  253 350</Corner_9>
<Corner_10>
  259 347</Corner_10>
<Corner_11>
  272 343</Corner_11>
<Corner_12>
  279 341</Corner_12>
<Corner_13>
  291 339</Corner_13>
<Corner_14>
  299 336</Corner_14>
<Corner_15>
  308 333</Corner_15>
<Corner_16>
  249 356</Corner_16>
<Corner_17>
  258 353</Corner_17>
<Corner_18>
  270 349</Corner_18>
<Corner_19>
  279 346</Corner_19>
<Corner_20>
  291 344</Corner_20>
<Corner_21>
  299 341</Corner_21>
<Corner_22>
  309 338</Corner_22>
<Corner_23>
  315 335</Corner_23>
<Corner_24>
  257 360</Corner_24>
<Corner_25>
  270 356</Corner_25>
<Corner_26>
  277 353</Corner_26>
<Corner_27>
  290 350</Corner_27>
<Corner_28>
  298 346</Corner_28>
<Corner_29>
  309 344</Corner_29>
<Corner_30>
  315 341</Corner_30>
<Corner_31>
  326 338</Corner_31>
<Corner_32>
  268 363</Corner_32>
<Corner_33>
  277 359</Corner_33>
<Corner_34>
  289 356</Corner_34>
<Corner_35>
  298 353</Corner_35>
<Corner_36>
  309 350</Corner_36>
<Corner_37>
  316 347</Corner_37>
<Corner_38>
  327 343</Corner_38>
<Corner_39>
  333 341</Corner_39>
<Corner_40>
  277 366</Corner_40>
<Corner_41>
  289 363</Corner_41>
<Corner_42>
  297 359</Corner_42>
<Corner_43>
  309 355</Corner_43>
<Corner_44>
  316 352</Corner_44>
<Corner_45>
  329 348</Corner_45>
<Corner_46>
  335 346</Corner_46>
<Corner_47>
  344 343</Corner_47>
</opencv_storage>
