<?xml version="1.0"?>
<opencv_storage>
<CameraMatrix type_id="opencv-matrix">
  <rows>3</rows>
  <cols>3</cols>
  <dt>f</dt>
  <data>
    4.90221863e+02 0. 3.44589264e+02 0. 4.92480682e+02 2.41392624e+02 0.
    0. 1.</data></CameraMatrix>
<DistortionCoeffs type_id="opencv-matrix">
  <rows>1</rows>
  <cols>5</cols>
  <dt>f</dt>
  <data>
    -3.79180551e-01 2.26549819e-01 -6.49563968e-04 -6.53043739e-04
    -8.87844935e-02</data></DistortionCoeffs>
<RotationValues type_id="opencv-matrix">
  <rows>3</rows>
  <cols>1</cols>
  <dt>f</dt>
  <data>
    1.81397307e+00 5.54982960e-01 -4.06251878e-01</data></RotationValues>
<TranslationValues type_id="opencv-matrix">
  <rows>3</rows>
  <cols>1</cols>
  <dt>f</dt>
  <data>
    -7.32414734e+02 9.50499146e+02 3.72475928e+03</data></TranslationValues>
</opencv_storage>
