<?xml version="1.0"?>
<opencv_storage>
<cameraMatrix type_id="opencv-matrix">
  <rows>3</rows>
  <cols>3</cols>
  <dt>d</dt>
  <data>
    4.9158852479029736e+02 0. 3.3093101561530602e+02 0.
    4.9409113481233385e+02 2.2548612432993235e+02 0. 0. 1.</data></cameraMatrix>
<distCoeffs type_id="opencv-matrix">
  <rows>1</rows>
  <cols>5</cols>
  <dt>d</dt>
  <data>
    -3.7019950660881978e-01 2.0772836489858731e-01
    -1.2831912495500354e-04 2.4899459353456378e-04
    -7.7099937899861359e-02</data></distCoeffs>
</opencv_storage>
